(kicad_pcb (version 20171130) (host pcbnew "(5.1.9)-1")

  (general
    (thickness 1.6)
    (drawings 26)
    (tracks 6895)
    (zones 0)
    (modules 43)
    (nets 197)
  )

  (page A3)
  (layers
    (0 F.Cu signal)
    (1 In1.Cu signal)
    (2 In2.Cu signal)
    (31 B.Cu signal)
    (36 B.SilkS user)
    (37 F.SilkS user)
    (38 B.Mask user)
    (39 F.Mask user)
    (40 Dwgs.User user)
    (41 Cmts.User user)
    (42 Eco1.User user)
    (43 Eco2.User user)
    (44 Edge.Cuts user)
    (45 Margin user)
    (46 B.CrtYd user)
    (47 F.CrtYd user)
    (48 B.Fab user)
    (49 F.Fab user)
  )

  (setup
    (last_trace_width 0.25)
    (user_trace_width 0.288)
    (user_trace_width 0.4)
    (user_trace_width 0.488)
    (user_trace_width 0.538)
    (user_trace_width 0.588)
    (user_trace_width 0.7)
    (user_trace_width 0.88)
    (user_trace_width 1.288)
    (user_trace_width 1.488)
    (user_trace_width 3)
    (trace_clearance 0.2)
    (zone_clearance 0.238)
    (zone_45_only no)
    (trace_min 0.2)
    (via_size 0.8)
    (via_drill 0.4)
    (via_min_size 0.4)
    (via_min_drill 0.3)
    (user_via 0.6 0.4)
    (user_via 0.9 0.6)
    (user_via 1.2 0.8)
    (uvia_size 0.3)
    (uvia_drill 0.1)
    (uvias_allowed no)
    (uvia_min_size 0.2)
    (uvia_min_drill 0.1)
    (edge_width 0.1)
    (segment_width 0.2)
    (pcb_text_width 0.3)
    (pcb_text_size 1.5 1.5)
    (mod_edge_width 0.15)
    (mod_text_size 1 1)
    (mod_text_width 0.15)
    (pad_size 1.524 1.524)
    (pad_drill 0.762)
    (pad_to_mask_clearance 0)
    (aux_axis_origin 228.6 152.4)
    (visible_elements 7FFFFFFF)
    (pcbplotparams
      (layerselection 0x010f0_ffffffff)
      (usegerberextensions false)
      (usegerberattributes false)
      (usegerberadvancedattributes false)
      (creategerberjobfile false)
      (excludeedgelayer true)
      (linewidth 0.100000)
      (plotframeref false)
      (viasonmask false)
      (mode 1)
      (useauxorigin false)
      (hpglpennumber 1)
      (hpglpenspeed 20)
      (hpglpendiameter 15.000000)
      (psnegative false)
      (psa4output false)
      (plotreference true)
      (plotvalue true)
      (plotinvisibletext false)
      (padsonsilk false)
      (subtractmaskfromsilk false)
      (outputformat 1)
      (mirror false)
      (drillshape 0)
      (scaleselection 1)
      (outputdirectory "gerbers/"))
  )

  (net 0 "")
  (net 1 GND)
  (net 2 +3V3)
  (net 3 /MENU)
  (net 4 /SPECIAL)
  (net 5 /RCC_OSC32_IN)
  (net 6 /RCC_OSC32_OUT)
  (net 7 /SWCLK)
  (net 8 /SWDIO)
  (net 9 /BOOT0)
  (net 10 /SD_D1)
  (net 11 /SD_DT2)
  (net 12 /SD_D0)
  (net 13 /SD_CLK)
  (net 14 /SD_CMD)
  (net 15 /SD_D3)
  (net 16 /SD_D2)
  (net 17 /SD_DT1)
  (net 18 /~RST_O)
  (net 19 /Phi1IN)
  (net 20 /NF1_IO2)
  (net 21 /NF1_IO3)
  (net 22 /NF1_IO0)
  (net 23 /NF1_IO1)
  (net 24 /NF_CLK)
  (net 25 /~RST)
  (net 26 /NF2_IO0)
  (net 27 /NF2_IO1)
  (net 28 /NF2_IO2)
  (net 29 /NF2_IO3)
  (net 30 /SPI1_MISO)
  (net 31 /SPI1_SCK)
  (net 32 /SPI1_MOSI)
  (net 33 /NF_~CS)
  (net 34 /PDR_ON)
  (net 35 +1V8)
  (net 36 /TFT_CS)
  (net 37 /TFT_DC)
  (net 38 /TFT_RESET)
  (net 39 /TOUCH_CS)
  (net 40 /TOUCH_DO)
  (net 41 /TOUCH_DIN)
  (net 42 /TOUCH_CLK)
  (net 43 /TOUCH_IRQ)
  (net 44 /SPI5_MOSI)
  (net 45 /SPI5_MISO)
  (net 46 /SPI5_SCK)
  (net 47 /DAC1_OUT1)
  (net 48 /DAC1_OUT2)
  (net 49 /EN5V)
  (net 50 /MVA0)
  (net 51 /MVA1)
  (net 52 /MVA2)
  (net 53 /MVA3)
  (net 54 /MVA4)
  (net 55 /MCD0)
  (net 56 /MCD1)
  (net 57 /MVA5)
  (net 58 /MCA8)
  (net 59 /MCA9)
  (net 60 /MCA10)
  (net 61 /MCA11)
  (net 62 /MCA12)
  (net 63 /MCA13)
  (net 64 /MCA14)
  (net 65 /MCA15)
  (net 66 /MVA6)
  (net 67 /MVA7)
  (net 68 /MVA8)
  (net 69 /MVA9)
  (net 70 /MVA10)
  (net 71 /MVA11)
  (net 72 /MBD0)
  (net 73 /MBD1)
  (net 74 /MBD2)
  (net 75 /MCD2)
  (net 76 /MCD3)
  (net 77 /MCD4)
  (net 78 /MCD5)
  (net 79 /MCD6)
  (net 80 /MCD7)
  (net 81 /MPPhi1)
  (net 82 /MCA0)
  (net 83 /MCA1)
  (net 84 /MCA2)
  (net 85 /MCA3)
  (net 86 /MCA4)
  (net 87 /MCA5)
  (net 88 /MCA6)
  (net 89 /MCA7)
  (net 90 /MVA12)
  (net 91 /MVA13)
  (net 92 /MVR~W)
  (net 93 /MBD3)
  (net 94 /MBD4)
  (net 95 /MBD5)
  (net 96 /MBD6)
  (net 97 /MBD7)
  (net 98 /SPI5_NSS)
  (net 99 /ADC3_INP4)
  (net 100 /ADC3_INP3)
  (net 101 "Net-(U1-Pad4)")
  (net 102 /~MBLK5)
  (net 103 /MV2_CA1)
  (net 104 /MV2_~IRQ)
  (net 105 /MV1_~IRQ)
  (net 106 /MV1_PB0)
  (net 107 /MMX)
  (net 108 /MV1_PB1)
  (net 109 /MV1_PB2)
  (net 110 /MV1_PB3)
  (net 111 /~MIO2)
  (net 112 /~MIO3)
  (net 113 /MV2_PA2)
  (net 114 /MV1_PB4)
  (net 115 /MV1_PB5)
  (net 116 /MV1_PB6)
  (net 117 /MV2_PA3)
  (net 118 /MV2_PA4)
  (net 119 /~MABORT)
  (net 120 /~MRAM1)
  (net 121 /~MRAM2)
  (net 122 /MV2_PB6)
  (net 123 /~MBLK1)
  (net 124 /MV1_PB7)
  (net 125 /MV2_PA6)
  (net 126 /MV2_PA7)
  (net 127 /MV2_PB0)
  (net 128 /MV2_PB1)
  (net 129 /MV1_CA1)
  (net 130 /MV1_CA2)
  (net 131 /MV1_CB1)
  (net 132 /MIEC_DAT)
  (net 133 /MIEC_ATN)
  (net 134 /MIEC_CLK)
  (net 135 /MV1_CB2)
  (net 136 /~MBLK2)
  (net 137 /MVD8)
  (net 138 /MVD9)
  (net 139 /MVD10)
  (net 140 /MVD11)
  (net 141 /MV2_PB2)
  (net 142 /~MRESET)
  (net 143 /MBE)
  (net 144 /MCPU_Phi2)
  (net 145 /MVIA_Phi2)
  (net 146 /MS02)
  (net 147 /ME)
  (net 148 /MV2_PB7)
  (net 149 /~MRAM3)
  (net 150 /MV2_PB3)
  (net 151 /MV2_PB4)
  (net 152 /MV2_PB5)
  (net 153 /MV1_PA0)
  (net 154 /MV1_PA1)
  (net 155 /MV1_PA2)
  (net 156 /MV1_PA3)
  (net 157 /~MBLK3)
  (net 158 /MVDA)
  (net 159 /MVPA)
  (net 160 /MCR~W)
  (net 161 /MRDY)
  (net 162 /~MVIA)
  (net 163 /MV2_CA2)
  (net 164 /MV2_CB1)
  (net 165 /MV2_CB2)
  (net 166 /~MML)
  (net 167 /MV2_PA5)
  (net 168 /MV1_PA4)
  (net 169 /MV1_PA5)
  (net 170 /MV1_PA6)
  (net 171 /MV1_PA7)
  (net 172 /USBBD_P)
  (net 173 /USBBD_N)
  (net 174 /RPOTX)
  (net 175 /RPOTY)
  (net 176 "Net-(C10-Pad2)")
  (net 177 "Net-(C11-Pad2)")
  (net 178 "Net-(U3-Pad9)")
  (net 179 "Net-(U3-Pad10)")
  (net 180 "Net-(U4-Pad10)")
  (net 181 "Net-(U4-Pad9)")
  (net 182 /t1_IO2)
  (net 183 /t1_IO1)
  (net 184 /tNF_~CS1)
  (net 185 /t2_IO3)
  (net 186 /tCLK2)
  (net 187 /t2_IO0)
  (net 188 /t2_IO2)
  (net 189 /t2_IO1)
  (net 190 /t~CS2)
  (net 191 /t1_IO0)
  (net 192 /tCLK1)
  (net 193 /t1_IO3)
  (net 194 /Phi)
  (net 195 "Net-(X1-Pad1)")
  (net 196 "Net-(J2-Pad1)")

  (net_class Default "This is the default net class."
    (clearance 0.2)
    (trace_width 0.25)
    (via_dia 0.8)
    (via_drill 0.4)
    (uvia_dia 0.3)
    (uvia_drill 0.1)
    (add_net +1V8)
    (add_net +3V3)
    (add_net /ADC3_INP3)
    (add_net /ADC3_INP4)
    (add_net /BOOT0)
    (add_net /DAC1_OUT1)
    (add_net /DAC1_OUT2)
    (add_net /EN5V)
    (add_net /MBD0)
    (add_net /MBD1)
    (add_net /MBD2)
    (add_net /MBD3)
    (add_net /MBD4)
    (add_net /MBD5)
    (add_net /MBD6)
    (add_net /MBD7)
    (add_net /MBE)
    (add_net /MCA0)
    (add_net /MCA1)
    (add_net /MCA10)
    (add_net /MCA11)
    (add_net /MCA12)
    (add_net /MCA13)
    (add_net /MCA14)
    (add_net /MCA15)
    (add_net /MCA2)
    (add_net /MCA3)
    (add_net /MCA4)
    (add_net /MCA5)
    (add_net /MCA6)
    (add_net /MCA7)
    (add_net /MCA8)
    (add_net /MCA9)
    (add_net /MCD0)
    (add_net /MCD1)
    (add_net /MCD2)
    (add_net /MCD3)
    (add_net /MCD4)
    (add_net /MCD5)
    (add_net /MCD6)
    (add_net /MCD7)
    (add_net /MCPU_Phi2)
    (add_net /MCR~W)
    (add_net /ME)
    (add_net /MENU)
    (add_net /MIEC_ATN)
    (add_net /MIEC_CLK)
    (add_net /MIEC_DAT)
    (add_net /MMX)
    (add_net /MPPhi1)
    (add_net /MRDY)
    (add_net /MS02)
    (add_net /MV1_CA1)
    (add_net /MV1_CA2)
    (add_net /MV1_CB1)
    (add_net /MV1_CB2)
    (add_net /MV1_PA0)
    (add_net /MV1_PA1)
    (add_net /MV1_PA2)
    (add_net /MV1_PA3)
    (add_net /MV1_PA4)
    (add_net /MV1_PA5)
    (add_net /MV1_PA6)
    (add_net /MV1_PA7)
    (add_net /MV1_PB0)
    (add_net /MV1_PB1)
    (add_net /MV1_PB2)
    (add_net /MV1_PB3)
    (add_net /MV1_PB4)
    (add_net /MV1_PB5)
    (add_net /MV1_PB6)
    (add_net /MV1_PB7)
    (add_net /MV1_~IRQ)
    (add_net /MV2_CA1)
    (add_net /MV2_CA2)
    (add_net /MV2_CB1)
    (add_net /MV2_CB2)
    (add_net /MV2_PA2)
    (add_net /MV2_PA3)
    (add_net /MV2_PA4)
    (add_net /MV2_PA5)
    (add_net /MV2_PA6)
    (add_net /MV2_PA7)
    (add_net /MV2_PB0)
    (add_net /MV2_PB1)
    (add_net /MV2_PB2)
    (add_net /MV2_PB3)
    (add_net /MV2_PB4)
    (add_net /MV2_PB5)
    (add_net /MV2_PB6)
    (add_net /MV2_PB7)
    (add_net /MV2_~IRQ)
    (add_net /MVA0)
    (add_net /MVA1)
    (add_net /MVA10)
    (add_net /MVA11)
    (add_net /MVA12)
    (add_net /MVA13)
    (add_net /MVA2)
    (add_net /MVA3)
    (add_net /MVA4)
    (add_net /MVA5)
    (add_net /MVA6)
    (add_net /MVA7)
    (add_net /MVA8)
    (add_net /MVA9)
    (add_net /MVD10)
    (add_net /MVD11)
    (add_net /MVD8)
    (add_net /MVD9)
    (add_net /MVDA)
    (add_net /MVIA_Phi2)
    (add_net /MVPA)
    (add_net /MVR~W)
    (add_net /NF1_IO0)
    (add_net /NF1_IO1)
    (add_net /NF1_IO2)
    (add_net /NF1_IO3)
    (add_net /NF2_IO0)
    (add_net /NF2_IO1)
    (add_net /NF2_IO2)
    (add_net /NF2_IO3)
    (add_net /NF_CLK)
    (add_net /NF_~CS)
    (add_net /PDR_ON)
    (add_net /Phi)
    (add_net /Phi1IN)
    (add_net /RCC_OSC32_IN)
    (add_net /RCC_OSC32_OUT)
    (add_net /RPOTX)
    (add_net /RPOTY)
    (add_net /SD_CLK)
    (add_net /SD_CMD)
    (add_net /SD_D0)
    (add_net /SD_D1)
    (add_net /SD_D2)
    (add_net /SD_D3)
    (add_net /SD_DT1)
    (add_net /SD_DT2)
    (add_net /SPECIAL)
    (add_net /SPI1_MISO)
    (add_net /SPI1_MOSI)
    (add_net /SPI1_SCK)
    (add_net /SPI5_MISO)
    (add_net /SPI5_MOSI)
    (add_net /SPI5_NSS)
    (add_net /SPI5_SCK)
    (add_net /SWCLK)
    (add_net /SWDIO)
    (add_net /TFT_CS)
    (add_net /TFT_DC)
    (add_net /TFT_RESET)
    (add_net /TOUCH_CLK)
    (add_net /TOUCH_CS)
    (add_net /TOUCH_DIN)
    (add_net /TOUCH_DO)
    (add_net /TOUCH_IRQ)
    (add_net /USBBD_N)
    (add_net /USBBD_P)
    (add_net /t1_IO0)
    (add_net /t1_IO1)
    (add_net /t1_IO2)
    (add_net /t1_IO3)
    (add_net /t2_IO0)
    (add_net /t2_IO1)
    (add_net /t2_IO2)
    (add_net /t2_IO3)
    (add_net /tCLK1)
    (add_net /tCLK2)
    (add_net /tNF_~CS1)
    (add_net /t~CS2)
    (add_net /~MABORT)
    (add_net /~MBLK1)
    (add_net /~MBLK2)
    (add_net /~MBLK3)
    (add_net /~MBLK5)
    (add_net /~MIO2)
    (add_net /~MIO3)
    (add_net /~MML)
    (add_net /~MRAM1)
    (add_net /~MRAM2)
    (add_net /~MRAM3)
    (add_net /~MRESET)
    (add_net /~MVIA)
    (add_net /~RST)
    (add_net /~RST_O)
    (add_net GND)
    (add_net "Net-(C10-Pad2)")
    (add_net "Net-(C11-Pad2)")
    (add_net "Net-(J2-Pad1)")
    (add_net "Net-(U1-Pad4)")
    (add_net "Net-(U3-Pad10)")
    (add_net "Net-(U3-Pad9)")
    (add_net "Net-(U4-Pad10)")
    (add_net "Net-(U4-Pad9)")
    (add_net "Net-(X1-Pad1)")
  )

  (module CPU2:WSON-8_8x6mm (layer B.Cu) (tedit 60C16F7D) (tstamp 60BAF828)
    (at 223.2025 113.919 270)
    (descr http://www.ti.com/lit/ml/mpds406/mpds406.pdf)
    (tags WSON8_4x4mm_P0.8mm)
    (path /64D071FC)
    (attr smd)
    (fp_text reference U5 (at 0 3.683 270) (layer B.SilkS)
      (effects (font (size 1 1) (thickness 0.15)) (justify mirror))
    )
    (fp_text value W25M02GWZEIG (at 0 -3.683 270) (layer B.Fab)
      (effects (font (size 1 1) (thickness 0.15)) (justify mirror))
    )
    (fp_line (start -4.064 -3.048) (end -4.064 2.286) (layer B.CrtYd) (width 0.05))
    (fp_line (start -4.064 -3.048) (end 4.064 -3.048) (layer B.CrtYd) (width 0.05))
    (fp_line (start 4.064 3.048) (end -3.302 3.048) (layer B.CrtYd) (width 0.05))
    (fp_line (start 4.064 3.048) (end 4.064 -3.048) (layer B.CrtYd) (width 0.05))
    (fp_line (start 4 3) (end 4 -3) (layer B.Fab) (width 0.1))
    (fp_line (start -4 -3) (end 4 -3) (layer B.Fab) (width 0.1))
    (fp_line (start -4 2.25) (end -4 -3) (layer B.Fab) (width 0.1))
    (fp_line (start -3.302 3) (end 4 3) (layer B.Fab) (width 0.1))
    (fp_line (start -3.302 3) (end -4 2.25) (layer B.Fab) (width 0.1))
    (fp_line (start -4.064 -3.048) (end 4.064 -3.048) (layer B.SilkS) (width 0.12))
    (fp_line (start -3.937 2.921) (end 2.54 2.921) (layer B.SilkS) (width 0.12))
    (fp_line (start -4.064 2.286) (end -4.064 3.048) (layer B.CrtYd) (width 0.05))
    (fp_line (start -4.064 3.048) (end -3.302 3.048) (layer B.CrtYd) (width 0.05))
    (fp_text user %R (at 0 0 270) (layer B.Fab)
      (effects (font (size 1 1) (thickness 0.15)) (justify mirror))
    )
    (pad 8 smd rect (at 3.556 1.905) (size 0.6 1.2) (layers B.Cu B.Paste B.Mask)
      (net 35 +1V8))
    (pad 7 smd rect (at 3.556 0.635) (size 0.6 1.2) (layers B.Cu B.Paste B.Mask)
      (net 185 /t2_IO3))
    (pad 6 smd rect (at 3.556 -0.635) (size 0.6 1.2) (layers B.Cu B.Paste B.Mask)
      (net 186 /tCLK2))
    (pad 5 smd rect (at 3.556 -1.905) (size 0.6 1.2) (layers B.Cu B.Paste B.Mask)
      (net 187 /t2_IO0))
    (pad 4 smd rect (at -3.556 -1.905) (size 0.6 1.2) (layers B.Cu B.Paste B.Mask)
      (net 1 GND))
    (pad 3 smd rect (at -3.556 -0.635) (size 0.6 1.2) (layers B.Cu B.Paste B.Mask)
      (net 188 /t2_IO2))
    (pad 2 smd rect (at -3.556 0.635) (size 0.6 1.2) (layers B.Cu B.Paste B.Mask)
      (net 189 /t2_IO1))
    (pad 1 smd rect (at -3.556 1.905) (size 0.6 1.2) (layers B.Cu B.Paste B.Mask)
      (net 190 /t~CS2))
  )

  (module CPU2:WSON-8_8x6mm (layer B.Cu) (tedit 60C16F7D) (tstamp 60BAF841)
    (at 223.2025 104.648 270)
    (descr http://www.ti.com/lit/ml/mpds406/mpds406.pdf)
    (tags WSON8_4x4mm_P0.8mm)
    (path /653DEBB7)
    (attr smd)
    (fp_text reference U6 (at 0 3.683 270) (layer B.SilkS)
      (effects (font (size 1 1) (thickness 0.15)) (justify mirror))
    )
    (fp_text value W25M02GWZEIG (at 0 -3.683 270) (layer B.Fab)
      (effects (font (size 1 1) (thickness 0.15)) (justify mirror))
    )
    (fp_line (start -4.064 -3.048) (end -4.064 2.286) (layer B.CrtYd) (width 0.05))
    (fp_line (start -4.064 -3.048) (end 4.064 -3.048) (layer B.CrtYd) (width 0.05))
    (fp_line (start 4.064 3.048) (end -3.302 3.048) (layer B.CrtYd) (width 0.05))
    (fp_line (start 4.064 3.048) (end 4.064 -3.048) (layer B.CrtYd) (width 0.05))
    (fp_line (start 4 3) (end 4 -3) (layer B.Fab) (width 0.1))
    (fp_line (start -4 -3) (end 4 -3) (layer B.Fab) (width 0.1))
    (fp_line (start -4 2.25) (end -4 -3) (layer B.Fab) (width 0.1))
    (fp_line (start -3.302 3) (end 4 3) (layer B.Fab) (width 0.1))
    (fp_line (start -3.302 3) (end -4 2.25) (layer B.Fab) (width 0.1))
    (fp_line (start -4.064 -3.048) (end 4.064 -3.048) (layer B.SilkS) (width 0.12))
    (fp_line (start -3.937 2.921) (end 2.54 2.921) (layer B.SilkS) (width 0.12))
    (fp_line (start -4.064 2.286) (end -4.064 3.048) (layer B.CrtYd) (width 0.05))
    (fp_line (start -4.064 3.048) (end -3.302 3.048) (layer B.CrtYd) (width 0.05))
    (fp_text user %R (at 0 0 270) (layer B.Fab)
      (effects (font (size 1 1) (thickness 0.15)) (justify mirror))
    )
    (pad 8 smd rect (at 3.556 1.905) (size 0.6 1.2) (layers B.Cu B.Paste B.Mask)
      (net 35 +1V8))
    (pad 7 smd rect (at 3.556 0.635) (size 0.6 1.2) (layers B.Cu B.Paste B.Mask)
      (net 193 /t1_IO3))
    (pad 6 smd rect (at 3.556 -0.635) (size 0.6 1.2) (layers B.Cu B.Paste B.Mask)
      (net 192 /tCLK1))
    (pad 5 smd rect (at 3.556 -1.905) (size 0.6 1.2) (layers B.Cu B.Paste B.Mask)
      (net 191 /t1_IO0))
    (pad 4 smd rect (at -3.556 -1.905) (size 0.6 1.2) (layers B.Cu B.Paste B.Mask)
      (net 1 GND))
    (pad 3 smd rect (at -3.556 -0.635) (size 0.6 1.2) (layers B.Cu B.Paste B.Mask)
      (net 182 /t1_IO2))
    (pad 2 smd rect (at -3.556 0.635) (size 0.6 1.2) (layers B.Cu B.Paste B.Mask)
      (net 183 /t1_IO1))
    (pad 1 smd rect (at -3.556 1.905) (size 0.6 1.2) (layers B.Cu B.Paste B.Mask)
      (net 184 /tNF_~CS1))
  )

  (module Capacitor_SMD:C_0805_2012Metric_Pad1.15x1.40mm_HandSolder (layer F.Cu) (tedit 5B36C52B) (tstamp 60BAF49B)
    (at 220.345 127.635)
    (descr "Capacitor SMD 0805 (2012 Metric), square (rectangular) end terminal, IPC_7351 nominal with elongated pad for handsoldering. (Body size source: https://docs.google.com/spreadsheets/d/1BsfQQcO9C6DZCsRaXUlFlo91Tg2WpOkGARC1WS5S8t0/edit?usp=sharing), generated with kicad-footprint-generator")
    (tags "capacitor handsolder")
    (path /739A80CC)
    (attr smd)
    (fp_text reference C1 (at 0 -1.65) (layer F.SilkS)
      (effects (font (size 1 1) (thickness 0.15)))
    )
    (fp_text value 1u (at 0 1.65) (layer F.Fab)
      (effects (font (size 1 1) (thickness 0.15)))
    )
    (fp_line (start -1 0.6) (end -1 -0.6) (layer F.Fab) (width 0.1))
    (fp_line (start -1 -0.6) (end 1 -0.6) (layer F.Fab) (width 0.1))
    (fp_line (start 1 -0.6) (end 1 0.6) (layer F.Fab) (width 0.1))
    (fp_line (start 1 0.6) (end -1 0.6) (layer F.Fab) (width 0.1))
    (fp_line (start -0.261252 -0.71) (end 0.261252 -0.71) (layer F.SilkS) (width 0.12))
    (fp_line (start -0.261252 0.71) (end 0.261252 0.71) (layer F.SilkS) (width 0.12))
    (fp_line (start -1.85 0.95) (end -1.85 -0.95) (layer F.CrtYd) (width 0.05))
    (fp_line (start -1.85 -0.95) (end 1.85 -0.95) (layer F.CrtYd) (width 0.05))
    (fp_line (start 1.85 -0.95) (end 1.85 0.95) (layer F.CrtYd) (width 0.05))
    (fp_line (start 1.85 0.95) (end -1.85 0.95) (layer F.CrtYd) (width 0.05))
    (fp_text user %R (at 0 0) (layer F.Fab)
      (effects (font (size 0.5 0.5) (thickness 0.08)))
    )
    (pad 1 smd roundrect (at -1.025 0) (size 1.15 1.4) (layers F.Cu F.Paste F.Mask) (roundrect_rratio 0.2173904347826087)
      (net 2 +3V3))
    (pad 2 smd roundrect (at 1.025 0) (size 1.15 1.4) (layers F.Cu F.Paste F.Mask) (roundrect_rratio 0.2173904347826087)
      (net 1 GND))
    (model ${KISYS3DMOD}/Capacitor_SMD.3dshapes/C_0805_2012Metric.wrl
      (at (xyz 0 0 0))
      (scale (xyz 1 1 1))
      (rotate (xyz 0 0 0))
    )
  )

  (module Capacitor_SMD:C_0805_2012Metric_Pad1.15x1.40mm_HandSolder (layer F.Cu) (tedit 5B36C52B) (tstamp 60BAF4AC)
    (at 220.345 123.19)
    (descr "Capacitor SMD 0805 (2012 Metric), square (rectangular) end terminal, IPC_7351 nominal with elongated pad for handsoldering. (Body size source: https://docs.google.com/spreadsheets/d/1BsfQQcO9C6DZCsRaXUlFlo91Tg2WpOkGARC1WS5S8t0/edit?usp=sharing), generated with kicad-footprint-generator")
    (tags "capacitor handsolder")
    (path /73E572A1)
    (attr smd)
    (fp_text reference C2 (at 0 -1.65) (layer F.SilkS)
      (effects (font (size 1 1) (thickness 0.15)))
    )
    (fp_text value 1u (at 0 1.65) (layer F.Fab)
      (effects (font (size 1 1) (thickness 0.15)))
    )
    (fp_line (start 1.85 0.95) (end -1.85 0.95) (layer F.CrtYd) (width 0.05))
    (fp_line (start 1.85 -0.95) (end 1.85 0.95) (layer F.CrtYd) (width 0.05))
    (fp_line (start -1.85 -0.95) (end 1.85 -0.95) (layer F.CrtYd) (width 0.05))
    (fp_line (start -1.85 0.95) (end -1.85 -0.95) (layer F.CrtYd) (width 0.05))
    (fp_line (start -0.261252 0.71) (end 0.261252 0.71) (layer F.SilkS) (width 0.12))
    (fp_line (start -0.261252 -0.71) (end 0.261252 -0.71) (layer F.SilkS) (width 0.12))
    (fp_line (start 1 0.6) (end -1 0.6) (layer F.Fab) (width 0.1))
    (fp_line (start 1 -0.6) (end 1 0.6) (layer F.Fab) (width 0.1))
    (fp_line (start -1 -0.6) (end 1 -0.6) (layer F.Fab) (width 0.1))
    (fp_line (start -1 0.6) (end -1 -0.6) (layer F.Fab) (width 0.1))
    (fp_text user %R (at 0 0) (layer F.Fab)
      (effects (font (size 0.5 0.5) (thickness 0.08)))
    )
    (pad 2 smd roundrect (at 1.025 0) (size 1.15 1.4) (layers F.Cu F.Paste F.Mask) (roundrect_rratio 0.2173904347826087)
      (net 1 GND))
    (pad 1 smd roundrect (at -1.025 0) (size 1.15 1.4) (layers F.Cu F.Paste F.Mask) (roundrect_rratio 0.2173904347826087)
      (net 35 +1V8))
    (model ${KISYS3DMOD}/Capacitor_SMD.3dshapes/C_0805_2012Metric.wrl
      (at (xyz 0 0 0))
      (scale (xyz 1 1 1))
      (rotate (xyz 0 0 0))
    )
  )

  (module Capacitor_SMD:C_0805_2012Metric_Pad1.15x1.40mm_HandSolder (layer F.Cu) (tedit 5B36C52B) (tstamp 60BAF4BD)
    (at 217.424 110.5535 90)
    (descr "Capacitor SMD 0805 (2012 Metric), square (rectangular) end terminal, IPC_7351 nominal with elongated pad for handsoldering. (Body size source: https://docs.google.com/spreadsheets/d/1BsfQQcO9C6DZCsRaXUlFlo91Tg2WpOkGARC1WS5S8t0/edit?usp=sharing), generated with kicad-footprint-generator")
    (tags "capacitor handsolder")
    (path /747CCF37)
    (attr smd)
    (fp_text reference C3 (at 0 -1.65 90) (layer F.SilkS)
      (effects (font (size 1 1) (thickness 0.15)))
    )
    (fp_text value 0.1u (at 0 1.65 90) (layer F.Fab)
      (effects (font (size 1 1) (thickness 0.15)))
    )
    (fp_line (start 1.85 0.95) (end -1.85 0.95) (layer F.CrtYd) (width 0.05))
    (fp_line (start 1.85 -0.95) (end 1.85 0.95) (layer F.CrtYd) (width 0.05))
    (fp_line (start -1.85 -0.95) (end 1.85 -0.95) (layer F.CrtYd) (width 0.05))
    (fp_line (start -1.85 0.95) (end -1.85 -0.95) (layer F.CrtYd) (width 0.05))
    (fp_line (start -0.261252 0.71) (end 0.261252 0.71) (layer F.SilkS) (width 0.12))
    (fp_line (start -0.261252 -0.71) (end 0.261252 -0.71) (layer F.SilkS) (width 0.12))
    (fp_line (start 1 0.6) (end -1 0.6) (layer F.Fab) (width 0.1))
    (fp_line (start 1 -0.6) (end 1 0.6) (layer F.Fab) (width 0.1))
    (fp_line (start -1 -0.6) (end 1 -0.6) (layer F.Fab) (width 0.1))
    (fp_line (start -1 0.6) (end -1 -0.6) (layer F.Fab) (width 0.1))
    (fp_text user %R (at 0 0 90) (layer F.Fab)
      (effects (font (size 0.5 0.5) (thickness 0.08)))
    )
    (pad 2 smd roundrect (at 1.025 0 90) (size 1.15 1.4) (layers F.Cu F.Paste F.Mask) (roundrect_rratio 0.2173904347826087)
      (net 1 GND))
    (pad 1 smd roundrect (at -1.025 0 90) (size 1.15 1.4) (layers F.Cu F.Paste F.Mask) (roundrect_rratio 0.2173904347826087)
      (net 35 +1V8))
    (model ${KISYS3DMOD}/Capacitor_SMD.3dshapes/C_0805_2012Metric.wrl
      (at (xyz 0 0 0))
      (scale (xyz 1 1 1))
      (rotate (xyz 0 0 0))
    )
  )

  (module Capacitor_SMD:C_0805_2012Metric_Pad1.15x1.40mm_HandSolder locked (layer F.Cu) (tedit 5B36C52B) (tstamp 60BAF4CE)
    (at 217.424 100.965 90)
    (descr "Capacitor SMD 0805 (2012 Metric), square (rectangular) end terminal, IPC_7351 nominal with elongated pad for handsoldering. (Body size source: https://docs.google.com/spreadsheets/d/1BsfQQcO9C6DZCsRaXUlFlo91Tg2WpOkGARC1WS5S8t0/edit?usp=sharing), generated with kicad-footprint-generator")
    (tags "capacitor handsolder")
    (path /74C86D87)
    (attr smd)
    (fp_text reference C4 (at 0 -1.65 90) (layer F.SilkS)
      (effects (font (size 1 1) (thickness 0.15)))
    )
    (fp_text value 0.1u (at 0 1.65 90) (layer F.Fab)
      (effects (font (size 1 1) (thickness 0.15)))
    )
    (fp_line (start -1 0.6) (end -1 -0.6) (layer F.Fab) (width 0.1))
    (fp_line (start -1 -0.6) (end 1 -0.6) (layer F.Fab) (width 0.1))
    (fp_line (start 1 -0.6) (end 1 0.6) (layer F.Fab) (width 0.1))
    (fp_line (start 1 0.6) (end -1 0.6) (layer F.Fab) (width 0.1))
    (fp_line (start -0.261252 -0.71) (end 0.261252 -0.71) (layer F.SilkS) (width 0.12))
    (fp_line (start -0.261252 0.71) (end 0.261252 0.71) (layer F.SilkS) (width 0.12))
    (fp_line (start -1.85 0.95) (end -1.85 -0.95) (layer F.CrtYd) (width 0.05))
    (fp_line (start -1.85 -0.95) (end 1.85 -0.95) (layer F.CrtYd) (width 0.05))
    (fp_line (start 1.85 -0.95) (end 1.85 0.95) (layer F.CrtYd) (width 0.05))
    (fp_line (start 1.85 0.95) (end -1.85 0.95) (layer F.CrtYd) (width 0.05))
    (fp_text user %R (at 0 0 90) (layer F.Fab)
      (effects (font (size 0.5 0.5) (thickness 0.08)))
    )
    (pad 1 smd roundrect (at -1.025 0 90) (size 1.15 1.4) (layers F.Cu F.Paste F.Mask) (roundrect_rratio 0.2173904347826087)
      (net 35 +1V8))
    (pad 2 smd roundrect (at 1.025 0 90) (size 1.15 1.4) (layers F.Cu F.Paste F.Mask) (roundrect_rratio 0.2173904347826087)
      (net 1 GND))
    (model ${KISYS3DMOD}/Capacitor_SMD.3dshapes/C_0805_2012Metric.wrl
      (at (xyz 0 0 0))
      (scale (xyz 1 1 1))
      (rotate (xyz 0 0 0))
    )
  )

  (module Capacitor_SMD:C_0805_2012Metric_Pad1.15x1.40mm_HandSolder (layer F.Cu) (tedit 5B36C52B) (tstamp 60BAF4DF)
    (at 222.25 108.2675)
    (descr "Capacitor SMD 0805 (2012 Metric), square (rectangular) end terminal, IPC_7351 nominal with elongated pad for handsoldering. (Body size source: https://docs.google.com/spreadsheets/d/1BsfQQcO9C6DZCsRaXUlFlo91Tg2WpOkGARC1WS5S8t0/edit?usp=sharing), generated with kicad-footprint-generator")
    (tags "capacitor handsolder")
    (path /748FAFFB)
    (attr smd)
    (fp_text reference C5 (at 0 -1.65) (layer F.SilkS)
      (effects (font (size 1 1) (thickness 0.15)))
    )
    (fp_text value 10n (at 0 1.65) (layer F.Fab)
      (effects (font (size 1 1) (thickness 0.15)))
    )
    (fp_line (start -1 0.6) (end -1 -0.6) (layer F.Fab) (width 0.1))
    (fp_line (start -1 -0.6) (end 1 -0.6) (layer F.Fab) (width 0.1))
    (fp_line (start 1 -0.6) (end 1 0.6) (layer F.Fab) (width 0.1))
    (fp_line (start 1 0.6) (end -1 0.6) (layer F.Fab) (width 0.1))
    (fp_line (start -0.261252 -0.71) (end 0.261252 -0.71) (layer F.SilkS) (width 0.12))
    (fp_line (start -0.261252 0.71) (end 0.261252 0.71) (layer F.SilkS) (width 0.12))
    (fp_line (start -1.85 0.95) (end -1.85 -0.95) (layer F.CrtYd) (width 0.05))
    (fp_line (start -1.85 -0.95) (end 1.85 -0.95) (layer F.CrtYd) (width 0.05))
    (fp_line (start 1.85 -0.95) (end 1.85 0.95) (layer F.CrtYd) (width 0.05))
    (fp_line (start 1.85 0.95) (end -1.85 0.95) (layer F.CrtYd) (width 0.05))
    (fp_text user %R (at 0 0) (layer F.Fab)
      (effects (font (size 0.5 0.5) (thickness 0.08)))
    )
    (pad 1 smd roundrect (at -1.025 0) (size 1.15 1.4) (layers F.Cu F.Paste F.Mask) (roundrect_rratio 0.2173904347826087)
      (net 35 +1V8))
    (pad 2 smd roundrect (at 1.025 0) (size 1.15 1.4) (layers F.Cu F.Paste F.Mask) (roundrect_rratio 0.2173904347826087)
      (net 1 GND))
    (model ${KISYS3DMOD}/Capacitor_SMD.3dshapes/C_0805_2012Metric.wrl
      (at (xyz 0 0 0))
      (scale (xyz 1 1 1))
      (rotate (xyz 0 0 0))
    )
  )

  (module Capacitor_SMD:C_0805_2012Metric_Pad1.15x1.40mm_HandSolder (layer F.Cu) (tedit 5B36C52B) (tstamp 60BAF4F0)
    (at 222.377 117.221)
    (descr "Capacitor SMD 0805 (2012 Metric), square (rectangular) end terminal, IPC_7351 nominal with elongated pad for handsoldering. (Body size source: https://docs.google.com/spreadsheets/d/1BsfQQcO9C6DZCsRaXUlFlo91Tg2WpOkGARC1WS5S8t0/edit?usp=sharing), generated with kicad-footprint-generator")
    (tags "capacitor handsolder")
    (path /74A29444)
    (attr smd)
    (fp_text reference C6 (at 0 -1.65) (layer F.SilkS)
      (effects (font (size 1 1) (thickness 0.15)))
    )
    (fp_text value 10n (at 0 1.65) (layer F.Fab)
      (effects (font (size 1 1) (thickness 0.15)))
    )
    (fp_line (start 1.85 0.95) (end -1.85 0.95) (layer F.CrtYd) (width 0.05))
    (fp_line (start 1.85 -0.95) (end 1.85 0.95) (layer F.CrtYd) (width 0.05))
    (fp_line (start -1.85 -0.95) (end 1.85 -0.95) (layer F.CrtYd) (width 0.05))
    (fp_line (start -1.85 0.95) (end -1.85 -0.95) (layer F.CrtYd) (width 0.05))
    (fp_line (start -0.261252 0.71) (end 0.261252 0.71) (layer F.SilkS) (width 0.12))
    (fp_line (start -0.261252 -0.71) (end 0.261252 -0.71) (layer F.SilkS) (width 0.12))
    (fp_line (start 1 0.6) (end -1 0.6) (layer F.Fab) (width 0.1))
    (fp_line (start 1 -0.6) (end 1 0.6) (layer F.Fab) (width 0.1))
    (fp_line (start -1 -0.6) (end 1 -0.6) (layer F.Fab) (width 0.1))
    (fp_line (start -1 0.6) (end -1 -0.6) (layer F.Fab) (width 0.1))
    (fp_text user %R (at 0 0) (layer F.Fab)
      (effects (font (size 0.5 0.5) (thickness 0.08)))
    )
    (pad 2 smd roundrect (at 1.025 0) (size 1.15 1.4) (layers F.Cu F.Paste F.Mask) (roundrect_rratio 0.2173904347826087)
      (net 1 GND))
    (pad 1 smd roundrect (at -1.025 0) (size 1.15 1.4) (layers F.Cu F.Paste F.Mask) (roundrect_rratio 0.2173904347826087)
      (net 35 +1V8))
    (model ${KISYS3DMOD}/Capacitor_SMD.3dshapes/C_0805_2012Metric.wrl
      (at (xyz 0 0 0))
      (scale (xyz 1 1 1))
      (rotate (xyz 0 0 0))
    )
  )

  (module Capacitor_SMD:C_0805_2012Metric_Pad1.15x1.40mm_HandSolder (layer F.Cu) (tedit 5B36C52B) (tstamp 60BAF501)
    (at 151.765 113.03 180)
    (descr "Capacitor SMD 0805 (2012 Metric), square (rectangular) end terminal, IPC_7351 nominal with elongated pad for handsoldering. (Body size source: https://docs.google.com/spreadsheets/d/1BsfQQcO9C6DZCsRaXUlFlo91Tg2WpOkGARC1WS5S8t0/edit?usp=sharing), generated with kicad-footprint-generator")
    (tags "capacitor handsolder")
    (path /647D755A)
    (attr smd)
    (fp_text reference C7 (at 0.2413 -4.2291) (layer F.SilkS)
      (effects (font (size 1 1) (thickness 0.15)))
    )
    (fp_text value 6p (at 0 1.65) (layer F.Fab)
      (effects (font (size 1 1) (thickness 0.15)))
    )
    (fp_line (start -1 0.6) (end -1 -0.6) (layer F.Fab) (width 0.1))
    (fp_line (start -1 -0.6) (end 1 -0.6) (layer F.Fab) (width 0.1))
    (fp_line (start 1 -0.6) (end 1 0.6) (layer F.Fab) (width 0.1))
    (fp_line (start 1 0.6) (end -1 0.6) (layer F.Fab) (width 0.1))
    (fp_line (start -0.261252 -0.71) (end 0.261252 -0.71) (layer F.SilkS) (width 0.12))
    (fp_line (start -0.261252 0.71) (end 0.261252 0.71) (layer F.SilkS) (width 0.12))
    (fp_line (start -1.85 0.95) (end -1.85 -0.95) (layer F.CrtYd) (width 0.05))
    (fp_line (start -1.85 -0.95) (end 1.85 -0.95) (layer F.CrtYd) (width 0.05))
    (fp_line (start 1.85 -0.95) (end 1.85 0.95) (layer F.CrtYd) (width 0.05))
    (fp_line (start 1.85 0.95) (end -1.85 0.95) (layer F.CrtYd) (width 0.05))
    (fp_text user %R (at 0 0) (layer F.Fab)
      (effects (font (size 0.5 0.5) (thickness 0.08)))
    )
    (pad 1 smd roundrect (at -1.025 0 180) (size 1.15 1.4) (layers F.Cu F.Paste F.Mask) (roundrect_rratio 0.2173904347826087)
      (net 6 /RCC_OSC32_OUT))
    (pad 2 smd roundrect (at 1.025 0 180) (size 1.15 1.4) (layers F.Cu F.Paste F.Mask) (roundrect_rratio 0.2173904347826087)
      (net 1 GND))
    (model ${KISYS3DMOD}/Capacitor_SMD.3dshapes/C_0805_2012Metric.wrl
      (at (xyz 0 0 0))
      (scale (xyz 1 1 1))
      (rotate (xyz 0 0 0))
    )
  )

  (module Capacitor_SMD:C_0805_2012Metric_Pad1.15x1.40mm_HandSolder (layer F.Cu) (tedit 5B36C52B) (tstamp 60BAF512)
    (at 151.765 115.57)
    (descr "Capacitor SMD 0805 (2012 Metric), square (rectangular) end terminal, IPC_7351 nominal with elongated pad for handsoldering. (Body size source: https://docs.google.com/spreadsheets/d/1BsfQQcO9C6DZCsRaXUlFlo91Tg2WpOkGARC1WS5S8t0/edit?usp=sharing), generated with kicad-footprint-generator")
    (tags "capacitor handsolder")
    (path /648B4FC2)
    (attr smd)
    (fp_text reference C8 (at 1.0033 -4.2291) (layer F.SilkS)
      (effects (font (size 1 1) (thickness 0.15)))
    )
    (fp_text value 6p (at 0 1.65) (layer F.Fab)
      (effects (font (size 1 1) (thickness 0.15)))
    )
    (fp_line (start 1.85 0.95) (end -1.85 0.95) (layer F.CrtYd) (width 0.05))
    (fp_line (start 1.85 -0.95) (end 1.85 0.95) (layer F.CrtYd) (width 0.05))
    (fp_line (start -1.85 -0.95) (end 1.85 -0.95) (layer F.CrtYd) (width 0.05))
    (fp_line (start -1.85 0.95) (end -1.85 -0.95) (layer F.CrtYd) (width 0.05))
    (fp_line (start -0.261252 0.71) (end 0.261252 0.71) (layer F.SilkS) (width 0.12))
    (fp_line (start -0.261252 -0.71) (end 0.261252 -0.71) (layer F.SilkS) (width 0.12))
    (fp_line (start 1 0.6) (end -1 0.6) (layer F.Fab) (width 0.1))
    (fp_line (start 1 -0.6) (end 1 0.6) (layer F.Fab) (width 0.1))
    (fp_line (start -1 -0.6) (end 1 -0.6) (layer F.Fab) (width 0.1))
    (fp_line (start -1 0.6) (end -1 -0.6) (layer F.Fab) (width 0.1))
    (fp_text user %R (at 0 0) (layer F.Fab)
      (effects (font (size 0.5 0.5) (thickness 0.08)))
    )
    (pad 2 smd roundrect (at 1.025 0) (size 1.15 1.4) (layers F.Cu F.Paste F.Mask) (roundrect_rratio 0.2173904347826087)
      (net 5 /RCC_OSC32_IN))
    (pad 1 smd roundrect (at -1.025 0) (size 1.15 1.4) (layers F.Cu F.Paste F.Mask) (roundrect_rratio 0.2173904347826087)
      (net 1 GND))
    (model ${KISYS3DMOD}/Capacitor_SMD.3dshapes/C_0805_2012Metric.wrl
      (at (xyz 0 0 0))
      (scale (xyz 1 1 1))
      (rotate (xyz 0 0 0))
    )
  )

  (module Capacitor_SMD:C_0805_2012Metric_Pad1.15x1.40mm_HandSolder (layer F.Cu) (tedit 5B36C52B) (tstamp 60BAF523)
    (at 197.485 128.905)
    (descr "Capacitor SMD 0805 (2012 Metric), square (rectangular) end terminal, IPC_7351 nominal with elongated pad for handsoldering. (Body size source: https://docs.google.com/spreadsheets/d/1BsfQQcO9C6DZCsRaXUlFlo91Tg2WpOkGARC1WS5S8t0/edit?usp=sharing), generated with kicad-footprint-generator")
    (tags "capacitor handsolder")
    (path /65FA7CD5)
    (attr smd)
    (fp_text reference C9 (at 0 -1.65) (layer F.SilkS)
      (effects (font (size 1 1) (thickness 0.15)))
    )
    (fp_text value 0.1 (at 0 1.65) (layer F.Fab)
      (effects (font (size 1 1) (thickness 0.15)))
    )
    (fp_line (start 1.85 0.95) (end -1.85 0.95) (layer F.CrtYd) (width 0.05))
    (fp_line (start 1.85 -0.95) (end 1.85 0.95) (layer F.CrtYd) (width 0.05))
    (fp_line (start -1.85 -0.95) (end 1.85 -0.95) (layer F.CrtYd) (width 0.05))
    (fp_line (start -1.85 0.95) (end -1.85 -0.95) (layer F.CrtYd) (width 0.05))
    (fp_line (start -0.261252 0.71) (end 0.261252 0.71) (layer F.SilkS) (width 0.12))
    (fp_line (start -0.261252 -0.71) (end 0.261252 -0.71) (layer F.SilkS) (width 0.12))
    (fp_line (start 1 0.6) (end -1 0.6) (layer F.Fab) (width 0.1))
    (fp_line (start 1 -0.6) (end 1 0.6) (layer F.Fab) (width 0.1))
    (fp_line (start -1 -0.6) (end 1 -0.6) (layer F.Fab) (width 0.1))
    (fp_line (start -1 0.6) (end -1 -0.6) (layer F.Fab) (width 0.1))
    (fp_text user %R (at 0 0) (layer F.Fab)
      (effects (font (size 0.5 0.5) (thickness 0.08)))
    )
    (pad 2 smd roundrect (at 1.025 0) (size 1.15 1.4) (layers F.Cu F.Paste F.Mask) (roundrect_rratio 0.2173904347826087)
      (net 1 GND))
    (pad 1 smd roundrect (at -1.025 0) (size 1.15 1.4) (layers F.Cu F.Paste F.Mask) (roundrect_rratio 0.2173904347826087)
      (net 2 +3V3))
    (model ${KISYS3DMOD}/Capacitor_SMD.3dshapes/C_0805_2012Metric.wrl
      (at (xyz 0 0 0))
      (scale (xyz 1 1 1))
      (rotate (xyz 0 0 0))
    )
  )

  (module Capacitor_SMD:C_0805_2012Metric_Pad1.15x1.40mm_HandSolder (layer F.Cu) (tedit 5B36C52B) (tstamp 60BAF534)
    (at 196.088 114.1095 180)
    (descr "Capacitor SMD 0805 (2012 Metric), square (rectangular) end terminal, IPC_7351 nominal with elongated pad for handsoldering. (Body size source: https://docs.google.com/spreadsheets/d/1BsfQQcO9C6DZCsRaXUlFlo91Tg2WpOkGARC1WS5S8t0/edit?usp=sharing), generated with kicad-footprint-generator")
    (tags "capacitor handsolder")
    (path /6594EA67)
    (attr smd)
    (fp_text reference C10 (at 0 -1.65) (layer F.SilkS)
      (effects (font (size 1 1) (thickness 0.15)))
    )
    (fp_text value 0.1 (at 0 1.65) (layer F.Fab)
      (effects (font (size 1 1) (thickness 0.15)))
    )
    (fp_line (start 1.85 0.95) (end -1.85 0.95) (layer F.CrtYd) (width 0.05))
    (fp_line (start 1.85 -0.95) (end 1.85 0.95) (layer F.CrtYd) (width 0.05))
    (fp_line (start -1.85 -0.95) (end 1.85 -0.95) (layer F.CrtYd) (width 0.05))
    (fp_line (start -1.85 0.95) (end -1.85 -0.95) (layer F.CrtYd) (width 0.05))
    (fp_line (start -0.261252 0.71) (end 0.261252 0.71) (layer F.SilkS) (width 0.12))
    (fp_line (start -0.261252 -0.71) (end 0.261252 -0.71) (layer F.SilkS) (width 0.12))
    (fp_line (start 1 0.6) (end -1 0.6) (layer F.Fab) (width 0.1))
    (fp_line (start 1 -0.6) (end 1 0.6) (layer F.Fab) (width 0.1))
    (fp_line (start -1 -0.6) (end 1 -0.6) (layer F.Fab) (width 0.1))
    (fp_line (start -1 0.6) (end -1 -0.6) (layer F.Fab) (width 0.1))
    (fp_text user %R (at 0 0) (layer F.Fab)
      (effects (font (size 0.5 0.5) (thickness 0.08)))
    )
    (pad 2 smd roundrect (at 1.025 0 180) (size 1.15 1.4) (layers F.Cu F.Paste F.Mask) (roundrect_rratio 0.2173904347826087)
      (net 176 "Net-(C10-Pad2)"))
    (pad 1 smd roundrect (at -1.025 0 180) (size 1.15 1.4) (layers F.Cu F.Paste F.Mask) (roundrect_rratio 0.2173904347826087)
      (net 1 GND))
    (model ${KISYS3DMOD}/Capacitor_SMD.3dshapes/C_0805_2012Metric.wrl
      (at (xyz 0 0 0))
      (scale (xyz 1 1 1))
      (rotate (xyz 0 0 0))
    )
  )

  (module Capacitor_SMD:C_0805_2012Metric_Pad1.15x1.40mm_HandSolder (layer F.Cu) (tedit 5B36C52B) (tstamp 60BAF545)
    (at 184.785 140.97)
    (descr "Capacitor SMD 0805 (2012 Metric), square (rectangular) end terminal, IPC_7351 nominal with elongated pad for handsoldering. (Body size source: https://docs.google.com/spreadsheets/d/1BsfQQcO9C6DZCsRaXUlFlo91Tg2WpOkGARC1WS5S8t0/edit?usp=sharing), generated with kicad-footprint-generator")
    (tags "capacitor handsolder")
    (path /65A359DB)
    (attr smd)
    (fp_text reference C11 (at 0 -1.65) (layer F.SilkS)
      (effects (font (size 1 1) (thickness 0.15)))
    )
    (fp_text value 0.1 (at 0 1.65) (layer F.Fab)
      (effects (font (size 1 1) (thickness 0.15)))
    )
    (fp_line (start -1 0.6) (end -1 -0.6) (layer F.Fab) (width 0.1))
    (fp_line (start -1 -0.6) (end 1 -0.6) (layer F.Fab) (width 0.1))
    (fp_line (start 1 -0.6) (end 1 0.6) (layer F.Fab) (width 0.1))
    (fp_line (start 1 0.6) (end -1 0.6) (layer F.Fab) (width 0.1))
    (fp_line (start -0.261252 -0.71) (end 0.261252 -0.71) (layer F.SilkS) (width 0.12))
    (fp_line (start -0.261252 0.71) (end 0.261252 0.71) (layer F.SilkS) (width 0.12))
    (fp_line (start -1.85 0.95) (end -1.85 -0.95) (layer F.CrtYd) (width 0.05))
    (fp_line (start -1.85 -0.95) (end 1.85 -0.95) (layer F.CrtYd) (width 0.05))
    (fp_line (start 1.85 -0.95) (end 1.85 0.95) (layer F.CrtYd) (width 0.05))
    (fp_line (start 1.85 0.95) (end -1.85 0.95) (layer F.CrtYd) (width 0.05))
    (fp_text user %R (at 0 0) (layer F.Fab)
      (effects (font (size 0.5 0.5) (thickness 0.08)))
    )
    (pad 1 smd roundrect (at -1.025 0) (size 1.15 1.4) (layers F.Cu F.Paste F.Mask) (roundrect_rratio 0.2173904347826087)
      (net 1 GND))
    (pad 2 smd roundrect (at 1.025 0) (size 1.15 1.4) (layers F.Cu F.Paste F.Mask) (roundrect_rratio 0.2173904347826087)
      (net 177 "Net-(C11-Pad2)"))
    (model ${KISYS3DMOD}/Capacitor_SMD.3dshapes/C_0805_2012Metric.wrl
      (at (xyz 0 0 0))
      (scale (xyz 1 1 1))
      (rotate (xyz 0 0 0))
    )
  )

  (module Capacitor_SMD:C_0805_2012Metric_Pad1.15x1.40mm_HandSolder (layer F.Cu) (tedit 5B36C52B) (tstamp 60BAF556)
    (at 189.23 106.68 180)
    (descr "Capacitor SMD 0805 (2012 Metric), square (rectangular) end terminal, IPC_7351 nominal with elongated pad for handsoldering. (Body size source: https://docs.google.com/spreadsheets/d/1BsfQQcO9C6DZCsRaXUlFlo91Tg2WpOkGARC1WS5S8t0/edit?usp=sharing), generated with kicad-footprint-generator")
    (tags "capacitor handsolder")
    (path /60191652)
    (attr smd)
    (fp_text reference C12 (at 0 -1.65) (layer F.SilkS)
      (effects (font (size 1 1) (thickness 0.15)))
    )
    (fp_text value 0.1 (at 0 1.65) (layer F.Fab)
      (effects (font (size 1 1) (thickness 0.15)))
    )
